Trips
19881217
19950209
19951008
19960327
19960801
19960904
19960923
19961003
19961003
19961202
19961227
19970216
19970327
19970423
19970504
19970510
19970525
19970708
19970821
19970828
19971116
19971225
19980211
19980224
19980317
19980413
19980422
19980606
19980711
19980729
19980812
19980826
19981126
19990415
19990831
19991023
19991201
19991228
20000219
20000409
20000615
20000829
20001013
20001128
20010130
20010526
20010827
20010828
20011128
20020619
20021200
20021219
20030201
20030414
20030704
20030800
20030927
20031220
20040402
20040407
20040410
20041214
20041224
20051116
20051216
20060111
20061117
20061126
20061219
20070706
20070815
20071025
20080610
20080906
20081017
20081214
20090106
20090128
20090404
20090418
20090527
20090713
20090805
20090928
20091126
20100306
20100316
20100513
20100611
20100720
20110102
20110112
20110114
20110221
20110331
20110409
20110512
20110605
20110712
20110808
20110915
20111020
20111105
20111123
20111215
20120210
20120216
20120310
20120322
20120525
20120616
20120706
20120811
20120914
20121020
20121104
20121126
20130105
20130204
20130223
20130316
20130329
20130413
20130425
20130515
20130605
20130624
20130721
20130820
20130914
20131018
20131120
20131201
20131207
20140111
20140117
20140222
20140306
20140324
20140402
20140412
20140521
20140618
20140709
20140726
20140826
20140913
20140926
20141107
20141205
20150109
20150209
20150316
20150408
20150426
20150505
20150520
20150604
20150701
20150805
20150825
20151006
20151028
20151118
20151121
20151201
20151214
20160107
20160213
20160315
20160408
20160523
20160623
20160713
20160803
20160820
20160829
20160906
20161002
20161016
20161120
20161219
20170106
20170211
20170311
20170326
20170419
20170511
20170527
20170606
20170614
20170702
20170713
20170812
20170831
20170927
20171017
20171101
20171112
20171207
20180106
20180116
20180202
20180223
20180302
20180322
20180407
20180414
20180502
20180514
20180612
20180725
20180818
20180903
20180920
20181017
20181101
20181127
20181214
20190105
20190120
20190205
20190228
20190313
20190411
20190507
20190603
20190621
20190707
20190730
20190831
20190921
20191014
20191029
20191205
20200111
20500101
